Cache size (bytes)	Num banks	Line Size (bytes)	Area (mm2)	Energy (nJ)
1024  1	   32		0.045308	0.057741
1024  1	   64		0.044573	0.057617
1024  2	   32		0.156941	0.105809
2048  1	   32		0.053354	0.062755
2048  1	   64		0.052030	0.062554
2048  1	   128		0.051354	0.062436
2048  2	   32		0.180046	0.111200
2048  2	   64		0.177343	0.111004
2048  4	   32		0.156941	0.105809
4096  1	   32		0.074405	0.072801
4096  1	   64		0.067366	0.072368
4096  1	   128		0.066042	0.072167
4096  2	   32		0.213415	0.119338
4096  2	   64		0.208121	0.119011
4096  2	   128		0.205418	0.118815
4096  4	   32		0.180046	0.111200
4096  4	   64		0.177343	0.111004
4096  8	   32		0.312398	0.135063
8192  1	   32		0.109827	0.092133
8192  1	   64		0.102156	0.091666
8192  1	   128		0.095117	0.091233
8192  2	   32		0.282519	0.135350
8192  2	   64		0.269463	0.134656
8192  2	   128		0.264169	0.134329
8192  4	   32		0.212136	0.119260
8192  4	   64		0.207212	0.118944
8192  4	   128		0.204705	0.118757
8192  8	   32		0.348485	0.143941
8192  8	   64		0.342126	0.143666
8192  16   32		1.118677	0.259035
16384 1	   32		0.211103	0.127154
16384 1	   64		0.193470	0.126381
16384 1	   128		0.185800	0.125914
16384 2	   32		0.406486	0.166080
16384 2	   64		0.391508	0.165190
16384 2	   128		0.379189	0.164517
16384 4	   32		0.280503	0.135251
16384 4	   64		0.268184	0.134578
16384 4	   128		0.263260	0.134262
16384 8	   32		0.661966	0.204621
16384 8	   64		0.650707	0.204198
16384 8	   128		0.644348	0.203923
16384 16   32		1.214595	0.268642
16384 16   64		1.197667	0.268276
16384 32   32		2.372484	0.354230
32768 1	   32		0.328905	0.169293
32768 1	   64		0.313253	0.168217
32768 1	   128		0.296406	0.167463
32768 2	   32		0.693058	0.226864
32768 2	   64		0.627125	0.225524
32768 2	   128		0.612147	0.224634
32768 4	   32		0.406486	0.166080
32768 4	   64		0.391508	0.165190
32768 4	   128		0.379189	0.164517
32768 8	   32		0.800215	0.221230
32768 8	   64		0.775049	0.220453
32768 8	   128		0.763790	0.220030
32768 16   32		1.406327	0.283698
32768 16   64		1.385896	0.283138
32768 16   128		1.370980	0.282782
32768 32   32		2.600699	0.370155
32768 32   64		2.567024	0.369611
32768 64   32		5.671037	0.590784
65536 1	   32		0.656136	0.237390
65536 1	   64		0.608607	0.235799
65536 1	   128		0.592955	0.234723
65536 2	   32		1.315624	0.300827
65536 2	   64		1.224494	0.299171
65536 2	   128		1.158561	0.297831
65536 4	   32		0.693058	0.226864
65536 4	   64		0.627125	0.225524
65536 4	   128		0.612147	0.224634
65536 8	   32		1.044860	0.252522
65536 8	   64		1.016872	0.251421
65536 8	   128		0.993774	0.250670
65536 16   32		1.734709	0.311689
65536 16   64		1.701167	0.310722
65536 16   128		1.680736	0.310162
65536 32   32		3.433275	0.494356
65536 32   64		3.394089	0.493617
65536 32   128		3.360414	0.493073
65536 64   32		6.071029	0.608056
65536 64   64		6.026927	0.607378
131072	   1		32		1.271121	0.324096
131072	   1		64		1.171213	0.321923
131072	   1		128		1.123684	0.320332
131072	   2		32		2.624541	0.428009
131072	   2		64		2.434424	0.425117
131072	   2		128		2.343294	0.423461
131072	   4		32		1.288597	0.300358
131072	   4		64		1.207483	0.298784
131072	   4		128		1.154006	0.297629
131072	   8		32		1.537311	0.308060
131072	   8		64		1.477389	0.306706
131072	   8		128		1.449401	0.305605
131072	   16		32		2.389420	0.365467
131072	   16		64		2.317749	0.364071
131072	   16		128		2.284207	0.363104
131072	   32		32		4.100898	0.523914
131072	   32		64		4.025485	0.522638
131072	   32		128		3.986299	0.521899
131072	   64		32		6.946460	0.638251
131072	   64		64		6.850930	0.637147
131072	   64		128		6.810877	0.636490
262144	   1		32		2.586821	0.461716
262144	   1		64		2.345601	0.457809
262144	   1		128		2.245693	0.455636
262144	   2		32		4.829798	0.583072
262144	   2		64		4.575762	0.579593
262144	   2		128		4.467717	0.576970
262144	   4		32		2.515442	0.427271
262144	   4		64		2.407397	0.424648
262144	   4		128		2.326283	0.423074
262144	   8		32		2.599878	0.437417
262144	   8		64		2.456631	0.434881
262144	   8		128		2.396709	0.433527
262144	   16		32		3.657106	0.471119
262144	   16		64		3.548340	0.469011
262144	   16		128		3.476669	0.467615
262144	   32		32		5.347530	0.578656
262144	   32		64		5.248726	0.577081
262144	   32		128		5.180226	0.575869
262144	   64		32		8.382216	0.690252
262144	   64		64		8.267950	0.688835
262144	   64		128		8.172420	0.687731
524288	   1		32		4.854572	0.646135
524288	   1		64		4.500671	0.641640
524288	   1		128		4.403080	0.638092
524288	   2		32		8.564560	0.817129
524288	   2		64		8.014388	0.811431
524288	   2		128		7.760352	0.807952
524288	   4		32		4.829798	0.583072
524288	   4		64		4.575762	0.579593
524288	   4		128		4.467717	0.576970
524288	   8		32		4.806389	0.563017
524288	   8		64		4.575878	0.559878
524288	   8		128		4.432631	0.557342
524288	   16		32		6.163055	0.615013
524288	   16		64		5.960245	0.611974
524288	   16		128		5.858465	0.610151
524288	   32		32		7.918027	0.685507
524288	   32		64		7.666410	0.682989
524288	   32		128		7.567606	0.681414
524288	   64		32		11.220938	0.790097
524288	   64		64		10.993266	0.787669
524288	   64		128		10.879000	0.786252
1048576	   1		32		11.650170	0.912311
1048576	   1		64		11.262812	0.904345
1048576	   1		128		10.908911	0.899850
1048576	   2		32		16.675440	1.159488
1048576	   2		64		15.761540	1.151285
1048576	   2		128		15.211368	1.145587
1048576	   4		32		8.564560	0.817129
1048576	   4		64		8.014388	0.811431
1048576	   4		128		7.760352	0.807952
1048576	   8		32		9.165201	0.804128
1048576	   8		64		8.699421	0.799263
1048576	   8		128		8.488009	0.796293
1048576	   16		32		10.510759	0.832135
1048576	   16		64		10.042545	0.828002
1048576	   16		128		9.839735	0.824963
1048576	   32		32		13.065663	0.900718
1048576	   32		64		12.664137	0.897012
1048576	   32		128		12.412520	0.894494
1048576	   64		32		16.823405	0.985196
1048576	   64		64		16.410138	0.981988
1048576	   64		128		16.182466	0.979560
2097152	   1		32		18.893860	1.174851
2097152	   1		64		17.801370	1.165629
2097152	   1		128		17.414012	1.157663
2097152	   2		32		33.406080	1.613163
2097152	   2		64		31.354940	1.600608
2097152	   2		128		30.441040	1.592405
2097152	   4		32		16.440060	1.157561
2097152	   4		64		15.657289	1.150048
2097152	   4		128		15.160271	1.144825
2097152	   8		32		17.785930	1.114584
2097152	   8		64		16.746301	1.107668
2097152	   8		128		16.280521	1.102803
2097152	   16		32		19.167770	1.132694
2097152	   16		64		18.085949	1.126519
2097152	   16		128		17.617735	1.122386
2097152	   32		32		22.793350	1.168530
2097152	   32		64		22.029463	1.162931
2097152	   32		128		21.627937	1.159225
2097152	   64		32		27.186400	1.269309
2097152	   64		64		26.459740	1.264126
2097152	   64		128		26.104972	1.261278
4194304	   1		32		37.714440	1.661012
4194304	   1		64		35.568160	1.644951
4194304	   1		128		34.475670	1.635729
4194304	   2		32		65.599140	2.204754
4194304	   2		64		61.727210	2.188559
4194304	   2		128		59.918360	2.177351
4194304	   4		32		32.928410	1.609889
4194304	   4		64		31.119560	1.598681
4194304	   4		128		30.336789	1.591168
4194304	   8		32		34.119080	1.569429
4194304	   8		64		32.752730	1.559834
4194304	   8		128		31.713101	1.552918
4194304	   16		32		36.732380	1.563616
4194304	   16		64		35.399670	1.554774
4194304	   16		128		34.317849	1.548599
4194304	   32		32		41.027130	1.611715
4194304	   32		64		39.884160	1.604445
4194304	   32		128		39.221022	1.599020
4194304	   64		32		44.892830	1.662405
4194304	   64		64		43.791500	1.655899
4194304	   64		128		43.064840	1.650716
8388608	   1		32		73.361190	2.190471
8388608	   1		64		70.686280	2.171381
8388608	   1		128		68.788030	2.156659
8388608	   2		32		128.743000	3.083206
8388608	   2		64		123.447340	3.059984
8388608	   2		128		119.575410	3.043789
8388608	   4		32		65.599140	2.204754
8388608	   4		64		61.727210	2.188559
8388608	   4		128		59.918360	2.177351
8388608	   8		32		67.814150	2.189375
8388608	   8		64		63.765180	2.174519
8388608	   8		128		62.398830	2.164924
8388608	   16		32		69.210540	2.183198
8388608	   16		64		65.891930	2.169675
8388608	   16		128		64.793010	2.162068
8388608	   32		32		70.773050	2.178823
8388608	   32		64		68.231230	2.166975
8388608	   32		128		67.088260	2.159705
8388608	   64		32		79.121050	2.239116
8388608	   64		64		76.037730	2.227535
8388608	   64		128		74.936400	2.221029

